MOVIES 
24944
204422
34260
24849
25624
26156
30938
13831
35344
13295
25353
236774
30876
13610
34322
236861
14943
250124
28937
26302
25654
27541
27248
27466
28037
26500
236863
22441
32864
25595
26290
26050
27511
34355
29125
25416
26555
28031
27788
26838
27365
26211
26382
186899
25267
27287
28012
25483
27837
25074
26471
25469
26896
27056
28957
26981
26128
26084
25054
27514
27327
25348
26002
25601
27078
26581
26077
34401
27471
28632
186960
26491
25453
25139
28536
186962
26951
25748
27005
28319
271508
215522
34411
216422
28480
26099
27253
28739
25527
27004
27650
26066
145225
27735
186969
31753
26323
26839
29176
28196
236776
26625
27597
25611
25254
28406
214405
27989
27482
29102
28123
27750
26867
34287
214406
25819
186977
29007
25187
28192
28061
27122
186979
25215
28653
250376
11703
236777
26805
26569
26224
27766
275016
214408
34338
214409
236778
33456
29876
186988
29319
13258
225369
14437
26832
28225
21950
34319
31735
275017
17984
186995
27938
15032
25815
186998
27604
266888
28707
27700
22816
235712
22758
25001
254460
32884
26869
22674
22787
250303
22574
25047
22779
200683
28567
236278
28822
28952
249370
28986
15296
34362
34385
26113
33250
207583
226539
31480
26081
25795
214411
20970
25113
27690
187012
26245
26630
187014
15645
26910
29158
187016
29109
28458
250255
216423
187019
24799
34368
25739
28851
26309
26975
27498
28898
26875
26238
187021
27979
187022
28366
28185
27413
214413
25821
27985
25180
26459
28233
25044
25104
27860
29121
187025
28699
27120
187026
27596
26821
25374
187028
29145
28409
27688
187030
26031
27130
25526
26536
26997
28719
26279
27702
25707
25440
27336
28243
28603
27125
26797
26611
27613
28413
25351
28203
266889
25090
25072
29002
214414
28223
27363
28157
187033
28418
26232
27183
34288
27172
187088
28945
25931
25870
27501
32704
27438
27996
25138
26176
28907
27711
187035
26893
26479
27714
25050
26157
28910
26418
26711
27081
28550
25771
27557
26110
28030
27577
27673
28643
29093
187036
25125
27450
27372
26385
26330
26818
29057
28865
28045
214415
25829
25802
25822
25679
25201
26394
25618
26955
25004
25316
26895
28506
26710
27382
187041
28089
187042
191460
34299
34254
34300
34426
34268
28949
28716
187043
187044
25058
27155
26162
26715
25901
28400
28698
25190
27397
26247
187046
26408
26974
25751
25502
27914
30454
187049
27540
25182
34245
25280
273299
27927
27285
27329
29178
25665
25030
26702
25300
25287
27277
26240
27791
26172
28244
25752
25336
28695
25958
27042
26132
236781
27104
27925
28843
236782
28802
25031
27108
27872
25850
236783
26469
28642
27548
25636
27480
27239
25730
207584
27463
25175
25362
28262
25554
26477
25123
236784
28568
25229
26976
28410
28760
28950
27622
26677
29050
25189
29064
28168
27369
27109
28106
25314
28253
28606
34236
27953
25128
25669
26041
28575
278715
27667
34285
25332
28981
28128
28758
25742
187152
236866
25987
25045
26640
27689
26276
207586
236788
250258
266890
275020
249694
28088
14336
27952
27206
251628
14087
27309
28756
28281
26560
27294
34332
236858
225370
225371
27171
25420
33180
28349
34223
28752
25827
16504
16823
18307
28403
34343
12741
205309
249347
34337
214421
209310
28832
29015
26833
206786
27902
23360
25720
17663
26698
27473
28797
18544
26728
26056
187059
26570
27918
236792
21456
27626
27701
25436
28736
28728
26207
27280
237299
27616
26335
27048
32773
30847
34389
34344
25293
207593
209308
32863
35393
214422
214423
28518
27116
28195
29005
28121
249776
28202
26697
27671
229961
26016
28472
28387
27263
206787
26079
28216
26107
27163
27015
26468
187063
209311
34238
28630
25716
187064
17031
29096
25916
25898
26704
187009
28693
24956
28543
28425
13185
24295
25014
26218
34382
249214
19680
214424
34251
29028
25706
25623
26234
216417
216425
26547
214425
26776
26521
27869
27627
236795
28705
27459
26462
28502
25920
211916
25914
27318
249335
187065
26525
25501
28585
34363
28122
18842
28906
28217
187066
28640
25437
27203
25741
29075
26446
26503
29192
27265
28532
26999
26604
26023
28586
25528
27684
27787
25070
26007
17754
25536
25605
12953
27697
26514
187068
28047
27703
34249
34432
31776
32930
187070
26119
25575
27221
28578
25587
28512
25910
26060
28449
25548
34396
33441
187072
27469
29116
26738
27252
25468
27335
25484
25387
27244
28080
28074
29065
27337
25537
34392
34328
27692
27691
26464
26624
187074
29060
25648
27020
26043
29139
27047
27486
187076
29014
187077
28226
28042
25510
25946
25225
26274
187078
28562
187065
187080
187079
25066
187081
26755
26541
28464
27754
187083
27638
27187
25152
27896
26008
26658
28214
29083
26616
26783
273301
23325
26019
187084
25504
29131
26598
27715
27598
25092
26760
27090
25772
28656
26717
25518
28339
28353
28160
28386
29008
25349
27323
28786
29138
25561
27102
27506
26368
198316
25466
26383
29055
28977
25902
27595
28420
34381
28385
27955
28688
34403
28414
26466
28751
28208
28436
25833
187089
26209
25682
27420
27707
25124
25978
27767
27558
187090
26987
27439
28788
25326
26403
25862
26903
28553
25321
26636
31609
25233
28108
26985
28721
25057
25057
25057
25111
25111
25111
25035
25445
25111
187091
28234
236797
28745
25231
26740
26010
25969
28468
187093
27212
28099
27499
25166
28650
26904
256418
26803
27349
34334
25556
26529
28842
26022
187094
187095
187096
27229
25845
28167
28778
214426
28893
25514
25075
30740
26775
25188
26155
25342
25966
27856
214428
27984
20694
13244
25684
27947
28096
187099
26190
187100
145241
27461
26285
28038
26757
25073
27881
34407
25473
25872
207597
28675
26331
25940
236798
25835
27419
27262
26692
28321
26722
25455
25266
28638
26280
26864
266892
26685
26682
27447
29182
27068
25178
28544
29130
187103
187104
26594
25083
27177
25873
25610
28947
25398
25573
29043
25282
187105
28795
28335
28199
28943
187107
236799
26225
25142
25546
26249
26731
25725
236800
25641
28443
27725
27587
25350
12166
27646
34430
26665
187109
26163
25664
26836
28116
29167
29040
28215
27441
27443
27400
26888
27423
187110
28238
28593
26768
187114
249249
29157
27997
26153
28992
29142
28983
25027
236802
266893
28679
28184
27022
26879
28416
236803
27381
25704
26924
25879
25844
25820
27391
25808
34360
28083
28178
28151
27106
27960
34425
26809
28941
27753
26518
26518
187050
25715
236805
28333
29129
34335
187117
28282
187118
26278
28145
28539
26683
25464
26289
187119
236807
20787
25974
29174
26367
27582
187120
27470
27481
25529
236808
266894
28888
266895
26678
27670
275022
27164
27901
27003
25497
27075
249317
26624
34310
27230
187121
34391
28250
25304
27018
28776
26613
28499
25857
34342
28989
25406
236809
26912
266896
27851
27966
34419
187122
25115
145235
28966
25069
26996
27114
27737
187123
28749
187124
26795
28309
28601
25909
26281
27836
25155
187125
26101
34353
28725
25621
27465
187126
26191
25457
28557
25579
187128
28537
207611
28838
28174
187130
187129
27512
27458
214431
187131
25550
29010
26952
25135
214432
28662
26159
27394
26324
28162
29156
28702
236811
187136
25801
27820
187052
27727
26375
26355
271511
266897
26039
28440
145236
26294
28955
25875
25133
27087
25599
28288
187139
236812
28555
207599
26379
28166
27922
28551
27176
25423
25934
25411
27101
26292
25738
26669
29100
26407
26065
28109
236814
29069
26333
25834
26337
277102
28962
214433
28542
27243
27808
214461
25831
25403
27429
236816
214434
187143
26863
25312
28066
29069
214435
26969
187145
27776
26286
26261
26940
26705
34371
26937
29046
187147
187146
26258
275023
28055
25735
27781
187149
187150
25079
28868
27823
236817
236818
216427
187151
28378
25836
28293
26736
251604
26091
28161
25277
25320
27321
236819
27494
266901
236820
34351
28336
145237
27401
28864
28200
207601
34284
27772
187154
34398
25996
236821
26093
26395
28391
236823
271514
28488
25746
25588
27585
28139
273302
34293
236825
214436
28840
34365
266903
214419
236826
278719
271515
34284
34284
34284
273303
236828
34353
207602
214439
236830
266906
34205
275025
273304
266904
252144
32975
31004
30004
26422
34377
27037
15634
31808
19096
145239
27484
26154
28469
27761
26492
20103
249887
26930
204445
28764
26535
27676
22160
28242
15522
26164
34321
27421
26506
250156
18923
15579
17628
250072
28730
236834
26538
27859
16680
26748
15093
214440
236835
26520
26341
28757
25112
25409
27949
225372
30815
13411
25971
34350
34400
26445
187160
25647
25143
22222
187161
187162
26824
25890
25246
27722
22132
28772
14158
27620
187164
25105
25609
26852
25259
26137
25503
217176
28508
34395
31682
28774
12430
18034
28171
27611
18042
28219
31712
17361
27490
187165
26830
28861
25899
25206
26862
26328
29136
25354
28841
28148
34261
27858
26606
28381
34427
26071
187166
34378
25218
214442
25767
25120
187168
34357
25479
26400
26033
26433
214443
28831
187169
29088
25183
16356
26892
28565
28014
28848
25824
27351
25148
187171
26199
15293
27188
28647
207609
27625
27426
27721
187174
187175
27396
26384
187176
26663
26572
187177
29044
28237
162603
26233
27111
26320
26304
26336
25758
27169
17717
187067
25379
28479
18984
28323
187179
25311
34429
26195
26316
25126
26582
27282
29148
28928
28925
187183
28408
187182
25608
187184
28092
27342
29135
187185
26653
25053
26076
27085
19210
25269
34370
28889
27218
14686
26973
29074
26001
187187
28137
27370
25837
26822
26254
25168
28165
27411
27565
25553
27395
28389
26366
27628
29160
26980
34267
25884
27605
29150
27778
28337
187189
27716
25421
28269
28362
25174
28024
26346
27200
28709
27868
25010
28011
25892
187191
25673
27759
26342
29039
28357
25559
27640
27211
28370
28430
23937
28114
187193
34354
28967
26063
27573
187194
28159
28886
27739
26144
27830
25583
25639
25121
26919
27829
27855
28095
28722
28476
27310
26287
28829
25674
26729
28579
26992
27240
28608
26424
25903
28611
17425
27444
29041
25547
28703
27147
26890
26609
271516
28051
28364
26968
26311
187197
27283
28004
26438
28599
26231
27976
28180
28110
26792
27704
26706
187198
187199
28897
28022
27119
25685
187087
26959
26670
27740
26936
25110
28637
27864
28495
27879
26122
187201
26502
25296
25928
26891
27326
28002
27032
25692
26876
28345
25562
28580
25799
236864
25285
28540
28872
28684
187202
28330
26301
27853
25594
28211
27814
28589
27636
27749
25973
28496
26880
26029
25626
28663
27645
27062
26660
28197
187204
25262
26256
25284
25393
28789
25122
26047
28003
27357
25059
26217
25327
25192
25195
26751
25980
28356
26467
26724
27839
25984
26780
27165
187205
27629
28891
28426
25018
25995
25520
26339
25352
26917
27487
25917
28076
25153
25298
26946
29187
28894
26554
27415
25119
25154
26532
32530
25101
27170
27621
26588
27912
26978
187209
187208
25472
27077
27094
187210
187211
29027
15610
27175
28530
26480
25365
31615
28968
34296
25177
27848
187213
25981
25163
28577
26935
26198
25732
28090
25158
28635
25532
28771
28903
25983
28754
27225
236838
26222
26082
28063
26551
26135
29162
27308
26918
26015
26389
25972
187216
28833
28767
27968
25880
187038
26470
25943
26435
28292
29004
27801
266909
25167
27054
26883
26816
28221
27305
27580
187218
187221
187220
29058
28254
26721
25089
27378
34315
27651
25378
29013
27061
27320
25913
25856
259301
26075
25087
27375
24089
16069
25098
187111
27948
25511
26296
27195
28511
27663
25219
28869
187222
25823
26475
26129
27549
28645
25962
187223
28427
187224
27825
28267
28154
27362
187116
28035
27602
28570
28025
206472
28188
26169
25918
187225
29086
28915
27304
28433
28727
28275
27242
28961
25383
34282
27393
27389
28718
26143
25700
26267
25310
26378
26635
28275
15259
25911
29017
27583
166379
28654
28871
25024
28729
27694
28210
27352
29134
26058
26068
26192
25944
26989
28587
34302
29143
187227
29140
26793
27312
26017
25787
25264
27524
25994
26949
26141
27888
27118
26197
29164
187229
26390
26737
25908
27911
25854
27071
187230
26605
25344
27158
187231
27963
236839
28876
187232
236841
25672
28830
25339
25809
27971
14977
29025
187234
26282
26516
26884
26406
266910
28683
28026
25817
27251
28867
28914
28270
28493
28902
145242
25582
25161
25691
26650
28144
34410
25149
26995
26130
187236
278717
28277
28651
26200
25851
27606
27134
187238
25235
28376
29186
266911
27729
28720
26387
26259
26637
29045
25814
275028
187240
28182
29181
27404
236843
27783
207610
187241
27885
25417
27732
25424
25429
27236
214446
27765
28308
26338
26306
28594
216429
27572
27021
28029
25796
273305
214460
187242
26456
26032
26954
26859
27434
26584
27234
28881
25372
16146
29072
187244
27027
27874
25474
27586
27324
187246
26712
28016
29056
28313
26380
25826
28765
25134
27819
27330
187135
25404
187247
29194
214447
27182
27135
27591
28790
29106
27575
25396
187250
28150
26566
27537
28146
25790
25919
26923
26376
26449
28660
26761
28489
25434
25765
29031
28492
26005
27026
187251
26494
266912
26303
187252
27745
25431
25791
187258
187259
28866
29037
25590
25876
25519
27033
29127
26096
238524
25460
28078
29092
28581
26671
27648
271517
28658
25361
26317
25775
25874
29193
26739
187142
187260
26495
28515
27552
28853
25754
187144
236848
29153
25000
187262
25683
187263
236846
236847
25544
187042
26746
26512
249232
27802
26807
278721
27220
27425
28278
273306
187265
187135
236850
214450
34409
26945
28541
28169
26318
34390
27035
25317
28085
27009
29189
29021
28322
26759
26578
187153
236852
271513
236853
27899
25446
25017
34309
28369
25275
34352
26505
25549
27551
216430
26843
251185
25712
28467
236855
25549
25549
266914
34372
236856
273307
277105
271518
266915
207613
214456
214455
214458
214457
278722
214459
207614
236857
236857
236852
236852
236852
236852
271517
271517
271517
271517
256982
26993
27025
15169
31853
19435
17591
29033
25309
26166
28940
28909
25668
187190
25887
27014
187192
25764
28564
27679
25717
187086
26441
29133
25419
25052
25773
25322
27322
27154
27699
28546
27173
26647
25951
25729
28265
28666
28839
25213
26907
187228
187233
25625
28612
28462
25100
27904
26455

SHOWS
20902
273308
21755
26994
361017
29090
265658
26953
28394
29159
27526
26398
187280
25999
27131
27392
26909
26548
25577
27080
25976
187328
27550
25613
28284
25620
25325
27866
28463
187350
27255
27654
243923
28478
29094
26898
26696
26014
187380
187395
187403
28791
26527
25244
312504
27513
27371
28006
28524
187487
27804
26741
187500
25839
28173
27878
27074
187535
26571
26340
187539
187546
26707
27905
187581
26854
187589
28641
26749
26194
187621
26853
28246
25438
27928
28191
187630
28401
28264
365108
25895
187647
187649
26269
27016
28623
27065
162359
187676
28885
187682
187705
27665
25394
27726
187716
28303
187718
25797
333690
27926
26088
25198
28803
187729
187730
187737
20733
25382
365125
25737
365126
26850
187759
187763
187788
28431
27975
27509
27311
25164
26865
26881
27103
28926
27328
164611
27217
27779
26161
187804
27653
28000
27076
27194
187827
28701
28942
187852
26237
187871
27142
25228
187889
26411
26364
187902
26216
29067
26165
27658
187932
25571
26178
187953
187964
187974
25333
365695
187987
29001
25660
26085
27059
365152
187995
27137
28398
187999
25667
188010
28770
188020
28053
188033
365157
26103
28825
28206
25295
29084
188041
26680
25699
188050
25355
188062
278723
34361
26856
28015
27659
21272
27639
188083
25602
28207
28283
188089
188090
26120
26454
188101
188104
25117
26668
28533
203252
188128
25301
24998
28787
27775
27334
27224
188174
188176
188191
188194
26603
25278
25025
26972
25102
27011
27603
188209
26213
25136
188211
26053
25040
25151
27298
25428
28434
15500
26228
27607
188226
28823
26597
26986
188231
28228
28998
28383
28963
27681
28347
29172
26754
28931
26283
188247
34303
27522
26298
27642
28836
216476
27698
365178
25005
236902
28936
279365
188252
365179
188253
27897
25816
365183
188256
188271
188279
28271
188286
26434
21842
25181
25904
27576
188301
188306
26175
188314
28519
188316
26275
266916
27366
188321
26823
27210
25482
26463
26513
26901
188349
26835
188362
26659
34297
28779
188369
26695
28991
27387
188374
28450
277107
365203
29118
28877
26983
188394
26397
365206
29147
28879
188397
28863
26750
27969
28503
25340
27789
266919
27063
188422
150138
365212
28821
188429
26124
27748
26700
27520
316175
365220
365218
27831
25937
188448
27847
28597
28847
27846
26100
365228
28677
188456
25043
284028
28930
26519
188461
188468
27152
188478
188484
25812
25693
188492
188497
188514
27959
188520
26421
214493
27738
27226
28649
28087
26399
28659
188555
26621
182869
28346
188560
236917
26718
25132
27708
27545
34276
24993
188567
188568
188572
28017
28850
365284
188586
25096
25407
29155
28079
27364
28107
27987
214502
28279
27417
29107
27792
188592
29016
26531
365292
188595
188596
25552
26732
26963
27502
27962
26420
27656
27307
28304
22624
28291
284029
25586
188649
28785
26443
28058
188663
21130
236920
188667
25085
28231
26828
25205
188682
27189
365320
28260
27041
28018
188695
188709
27454
25567
26208
207620
188718
34295
25897
236921
25397
28490
188728
188733
28794
236923
188744
27560
188768
26522
28135
27752
27924
188778
29006
188779
25777
28621
28287
25718
365346
25522
29032
26679
284034
188790
188795
188805
28935
28856
27043
20674
25118
26546
188814
25721
28423
34356
188823
167310
188827
26354
20839
25755
26860
29161
214518
27712
28724
188842
25106
214523
188847
27028
27890
216503
25727
27146
26393
188884
214532
22671
27936
365380
216504
365381
28700
27347
28170
22570
188913
188926
26941
25196
26255
188955
236959
188958
214534
26967
284048
273328
26900
27693
188982
266943
266944
29137
34235
27569
26343
34314
25789
27432
188997
26565
26977
275033
189005
28232
189008
25250
34239
28075
189019
152774
284056
189030
27508
189031
26590
25925
284055
189047
34275
28350
28734
26517
26620
25783
26726
27464
27254
189066
26370
28255
25864
278743
27807
189119
28176
29081
214536
28187
189131
27564
189134
27743
27057
28456
29173
25786
25524
284065
28172
34246
27799
25507
207636
26363
189161
214538
26123
189163
28554
20080
278745
26013
27797
236971
25968
153519
34393
28923
28854
275037
25334
271527
25041
28674
26440
28246
26051
28664
365455
27977
27744
27144
26939
34374
284073
34404
27937
28361
28102
27060
25273
34258
189206
284074
236976
365479
26897
34418
27566
236980
275041
25450
189211
34349
27495
189245
189250
24995
27910
26419
365489
27235
266953
189262
27956
26212
22746
34278
27384
207647
189266
284075
26319
189291
28046
26064
25224
29073
26405
189298
25576
25885
154244
154260
216465
216525
25747
34247
237224
189304
25270
365508
26638
25788
27456
34562
189333
25091
214539
189341
25129
189344
237215
166320
189349
189370
26427
266977
154434
16313
34367
275051
27993
189387
189391
26069
28509
207660
28036
26180
266981
189431
27479
284077
237031
273341
28920
189439
25064
25968
189443
26962
237034
34244
189449
189455
278767
214541
25733
29120
28525
28312
27202
34280
365565
214543
27045
207661
237035
271528
284080
284079
163869
189526
284082
27181
277115
189528
28341
187933
27046
365578
25877
271529
26074
27544
189539
25659
365589
25029
28059
26927
27875
34424
360407
26273
365220
365220
237042
34313
189571
189572
189584
26944
266982
189588
275057
266983
28681
267002
27231
273343
27079
271534
273344
26350
27098
27293
284088
34240
214572
28437
237050
34269
271535
28913
25989
189620
266985
189622
216532
271538
28538
237054
25399
25705
17668
216536
266946
189640
27373
214574
237061
237064
237078
34274
34339
237080
271539
266987
365632
189644
273345
365634
365635
278769
33765
34553
21973
189663
371825
360586
29679
19414
19053
196482
174903
19195
192732
17338
16549
21189
21486
17470
315041
20050
21657
341392
22659
22656
22836
22693
337818
18120
189720
22566
33793
205336
17922
28050
365687
189732
15969
189748
232474
34934
28396
189753
365695
28976
343127
189811
314418
364665
200394
336537
189822
228293
359490
27379
365706
337873
334209
338744
348890
343167
305868
30936
220901
19802
21254
189826
22596
19011
25389
189840
189860
27755
25476
372267
320777
22901
189876
22682
22702
25858
163877
338027
338053
337973
347982
29179
26117
363735
270860
22858
27110
337896
34212
34173
22344
189936
25921
329688
32363
26361
28633
331754
331519
28744
189983
325503
28560
162918
34172
25097
190009
22585
336045
190041
27301
28517
28559
25346
34600
190095
22751
25653
190101
19812
190105
26652
324352
29184
32255
20082
27895
25658
25932
26979
26577
336058
27250
25938
21029
28007
28687
28175
22823
22465
164301
317071
26631
331071
275062
204768
365802
26922
334070
27325
22846
360996
25033
27898
165465
28340
25315
371681
190231
27845
190236
26061
190249
337418
27270
365858
190280
25863
28415
25525
190288
190345
21079
28609
34265
34259
26488
27096
190374
28954
27123
26025
26911
190376
25776
190388
365885
26377
353046
25574
190425
27213
25979
237153
25415
190455
190450
26430
27097
319183
326003
26431
354582
25435
190516
27734
190523
305874
25345
338119
27095
27358
22736
190536
190559
34925
365928
27273
190569
27288
27422
22220
26315
190581
20937
349246
27730
190584
26734
22512
190594
26926
28824
26645
27790
365939
25343
190615
19849
34664
27237
27159
22776
28023
190630
25401
365957
26147
29042
21841
26626
28142
28678
26567
26241
28755
25766
27055
26651
190646
28813
27990
26673
27269
190653
366002
25680
27826
27267
25144
27297
27728
190688
28604
27153
190695
22438
275079
28793
26599
366036
26272
21077
26845
190735
28815
25959
25131
366052
237169
190741
28010
190742
215363
28595
366059
25566
28001
27191
25988
25509
34346
27657
25900
190795
27261
34514
190799
187509
190808
25849
190836
22098
28120
28013
25538
28163
28671
190856
26425
25007
26173
28919
28132
28008
27903
26644
16178
366110
22640
26507
25677
27913
190871
366122
28631
27053
27247
28405
26885
28697
190873
25982
27751
26102
27784
26858
29126
28435
190886
26714
26006
27886
28452
25535
26036
187916
25274
28844
25430
25508
27852
27867
190893
27921
29063
28411
190898
25894
28672
29047
26410
25442
28158
25302
190911
28520
190916
25392
26483
28209
366156
26778
366160
26643
28895
26461
25491
26568
188427
366174
28860
28407
25675
25248
26095
27445
20080
27316
27184
26628
26629
28763
25093
366217
366233
25094
188723
266990
28324
28315
25638
25935
28899
26779
26326
25391
28717
26745
221970
25078
27516
26914
16044
26950
17570
28938
28140
33820
25505
32352
28205
16930
25923
15281
26846
189290
366308
366309
198948
19502
18656
25655
191186
27376
25852
20513
26236
28156
266995
34870
275185
34256
