20902
273308
21755
26994
361017
29090
265658
26953
28394
29159
27526
26398
187280
25999
27131
27392
26909
26548
25577
27080
25976
187328
27550
25613
28284
25620
25325
27866
28463
187350
27255
27654
243923
28478
29094
26898
26696
26014
187380
187395
187403
28791
26527
25244
312504
27513
27371
28006
28524
187487
27804
26741
187500
25839
28173
27878
27074
187535
26571
26340
187539
187546
26707
27905
187581
26854
187589
28641
26749
26194
187621
26853
28246
25438
27928
28191
187630
28401
28264
365108
25895
187647
187649
26269
27016
28623
27065
162359
187676
28885
187682
187705
27665
25394
27726
187716
28303
187718
25797
333690
27926
26088
25198
28803
187729
187730
187737
20733
25382
365125
25737
365126
26850
187759
187763
187788
28431
27975
27509
27311
25164
26865
26881
27103
28926
27328
164611
27217
27779
26161
187804
27653
28000
27076
27194
187827
28701
28942
187852
26237
187871
27142
25228
187889
26411
26364
187902
26216
29067
26165
27658
187932
25571
26178
187953
187964
187974
25333
365695
187987
29001
25660
26085
27059
365152
187995
27137
28398
187999
25667
188010
28770
188020
28053
188033
365157
26103
28825
28206
25295
29084
188041
26680
25699
188050
25355
188062
278723
34361
26856
28015
27659
21272
27639
188083
25602
28207
28283
188089
188090
26120
26454
188101
188104
25117
26668
28533
203252
188128
25301
24998
28787
27775
27334
27224
188174
188176
188191
188194
26603
25278
25025
26972
25102
27011
27603
188209
26213
25136
188211
26053
25040
25151
27298
25428
28434
15500
26228
27607
188226
28823
26597
26986
188231
28228
28998
28383
28963
27681
28347
29172
26754
28931
26283
188247
34303
27522
26298
27642
28836
216476
27698
365178
25005
236902
28936
279365
188252
365179
188253
27897
25816
365183
188256
188271
188279
28271
188286
26434
21842
25181
25904
27576
188301
188306
26175
188314
28519
188316
26275
266916
27366
188321
26823
27210
25482
26463
26513
26901
188349
26835
188362
26659
34297
28779
188369
26695
28991
27387
188374
28450
277107
365203
29118
28877
26983
188394
26397
365206
29147
28879
188397
28863
26750
27969
28503
25340
27789
266919
27063
188422
150138
365212
28821
188429
26124
27748
26700
27520
316175
365220
365218
27831
25937
188448
27847
28597
28847
27846
26100
365228
28677
188456
25043
284028
28930
26519
188461
188468
27152
188478
188484
25812
25693
188492
188497
188514
27959
188520
26421
214493
27738
27226
28649
28087
26399
28659
188555
26621
182869
28346
188560
236917
26718
25132
27708
27545
34276
24993
188567
188568
188572
28017
28850
365284
188586
25096
25407
29155
28079
27364
28107
27987
214502
28279
27417
29107
27792
188592
29016
26531
365292
188595
188596
25552
26732
26963
27502
27962
26420
27656
27307
28304
22624
28291
284029
25586
188649
28785
26443
28058
188663
21130
236920
188667
25085
28231
26828
25205
188682
27189
365320
28260
27041
28018
188695
188709
27454
25567
26208
207620
188718
34295
25897
236921
25397
28490
188728
188733
28794
236923
188744
27560
188768
26522
28135
27752
27924
188778
29006
188779
25777
28621
28287
25718
365346
25522
29032
26679
284034
188790
188795
188805
28935
28856
27043
20674
25118
26546
188814
25721
28423
34356
188823
167310
188827
26354
20839
25755
26860
29161
214518
27712
28724
188842
25106
214523
188847
27028
27890
216503
25727
27146
26393
188884
214532
22671
27936
365380
216504
365381
28700
27347
28170
22570
188913
188926
26941
25196
26255
188955
236959
188958
214534
26967
284048
273328
26900
27693
188982
266943
266944
29137
34235
27569
26343
34314
25789
27432
188997
26565
26977
275033
189005
28232
189008
25250
34239
28075
189019
152774
284056
189030
27508
189031
26590
25925
284055
189047
34275
28350
28734
26517
26620
25783
26726
27464
27254
189066
26370
28255
25864
278743
27807
189119
28176
29081
214536
28187
189131
27564
189134
27743
27057
28456
29173
25786
25524
284065
28172
34246
27799
25507
207636
26363
189161
214538
26123
189163
28554
20080
278745
26013
27797
236971
25968
153519
34393
28923
28854
275037
25334
271527
25041
28674
26440
28246
26051
28664
365455
27977
27744
27144
26939
34374
284073
34404
27937
28361
28102
27060
25273
34258
189206
284074
236976
365479
26897
34418
27566
236980
275041
25450
189211
34349
27495
189245
189250
24995
27910
26419
365489
27235
266953
189262
27956
26212
22746
34278
27384
207647
189266
284075
26319
189291
28046
26064
25224
29073
26405
189298
25576
25885
154244
154260
216465
216525
25747
34247
237224
189304
25270
365508
26638
25788
27456
34562
189333
25091
214539
189341
25129
189344
237215
166320
189349
189370
26427
266977
154434
16313
34367
275051
27993
189387
189391
26069
28509
207660
28036
26180
266981
189431
27479
284077
237031
273341
28920
189439
25064
25968
189443
26962
237034
34244
189449
189455
278767
214541
25733
29120
28525
28312
27202
34280
365565
214543
27045
207661
237035
271528
284080
284079
163869
189526
284082
27181
277115
189528
28341
187933
27046
365578
25877
271529
26074
27544
189539
25659
365589
25029
28059
26927
27875
34424
360407
26273
365220
365220
237042
34313
189571
189572
189584
26944
266982
189588
275057
266983
28681
267002
27231
273343
27079
271534
273344
26350
27098
27293
284088
34240
214572
28437
237050
34269
271535
28913
25989
189620
266985
189622
216532
271538
28538
237054
25399
25705
17668
216536
266946
189640
27373
214574
237061
237064
237078
34274
34339
237080
271539
266987
365632
189644
273345
365634
365635
278769
33765
34553
21973
189663
371825
360586
29679
19414
19053
196482
174903
19195
192732
17338
16549
21189
21486
17470
315041
20050
21657
341392
22659
22656
22836
22693
337818
18120
189720
22566
33793
205336
17922
28050
365687
189732
15969
189748
232474
34934
28396
189753
365695
28976
343127
189811
314418
364665
200394
336537
189822
228293
359490
27379
365706
337873
334209
338744
348890
343167
305868
30936
220901
19802
21254
189826
22596
19011
25389
189840
189860
27755
25476
372267
320777
22901
189876
22682
22702
25858
163877
338027
338053
337973
347982
29179
26117
363735
270860
22858
27110
337896
34212
34173
22344
189936
25921
329688
32363
26361
28633
331754
331519
28744
189983
325503
28560
162918
34172
25097
190009
22585
336045
190041
27301
28517
28559
25346
34600
190095
22751
25653
190101
19812
190105
26652
324352
29184
32255
20082
27895
25658
25932
26979
26577
336058
27250
25938
21029
28007
28687
28175
22823
22465
164301
317071
26631
331071
275062
204768
365802
26922
334070
27325
22846
360996
25033
27898
165465
28340
25315
371681
190231
27845
190236
26061
190249
337418
27270
365858
190280
25863
28415
25525
190288
190345
21079
28609
34265
34259
26488
27096
190374
28954
27123
26025
26911
190376
25776
190388
365885
26377
353046
25574
190425
27213
25979
237153
25415
190455
190450
26430
27097
319183
326003
26431
354582
25435
190516
27734
190523
305874
25345
338119
27095
27358
22736
190536
190559
34925
365928
27273
190569
27288
27422
22220
26315
190581
20937
349246
27730
190584
26734
22512
190594
26926
28824
26645
27790
365939
25343
190615
19849
34664
27237
27159
22776
28023
190630
25401
365957
26147
29042
21841
26626
28142
28678
26567
26241
28755
25766
27055
26651
190646
28813
27990
26673
27269
190653
366002
25680
27826
27267
25144
27297
27728
190688
28604
27153
190695
22438
275079
28793
26599
366036
26272
21077
26845
190735
28815
25959
25131
366052
237169
190741
28010
190742
215363
28595
366059
25566
28001
27191
25988
25509
34346
27657
25900
190795
27261
34514
190799
187509
190808
25849
190836
22098
28120
28013
25538
28163
28671
190856
26425
25007
26173
28919
28132
28008
27903
26644
16178
366110
22640
26507
25677
27913
190871
366122
28631
27053
27247
28405
26885
28697
190873
25982
27751
26102
27784
26858
29126
28435
190886
26714
26006
27886
28452
25535
26036
187916
25274
28844
25430
25508
27852
27867
190893
27921
29063
28411
190898
25894
28672
29047
26410
25442
28158
25302
190911
28520
190916
25392
26483
28209
366156
26778
366160
26643
28895
26461
25491
26568
188427
366174
28860
28407
25675
25248
26095
27445
20080
27316
27184
26628
26629
28763
25093
366217
366233
25094
188723
266990
28324
28315
25638
25935
28899
26779
26326
25391
28717
26745
221970
25078
27516
26914
16044
26950
17570
28938
28140
33820
25505
32352
28205
16930
25923
15281
26846
189290
366308
366309
198948
19502
18656
25655
191186
27376
25852
20513
26236
28156
266995
34870
275185
34256
